75701961
86177254
142221100
112022619
38973250
155840940
125707533
136026040
109798414
108014197
55836696
45591922
38866486
148307852
19024797
2131421
57922380
134713553
99356223
92154116
57837386
22054863
25602811
82987915
8752104
60973992
151498346
113110695
79145304
131320690
31005609
54470910
67680224
107870795
37811466
52696762
13208669
35115871
134701253
40577628
25031072
73286183
73925469
129236123
108503875
58302107
122504839
86641588
56463105
121300421
76262624
10759777
30574185
104064624
103239870
76406969
147848056
51224195
143475846
78942884
88142995
64321814
126470603
87488577
151214739
111245936
127105123
84228876
26308302
112808872
156909198
153705834
137947247
127090375
64063543
53793997
157387
128074029
135415521
113657982
78522616
17661099
2530411
110997408
154731294
113846087
126749715
37833856
92381933
56256100
91706614
60843591
98594093
38866517
155621044
74318732
92568888
108215284
54426996
112761086
25635304
110994146
158446997
69808391
48942967
149398020
9808016
147999227
30321667
140041275
79245925
133865516
2677351
10604591
12847920
17645244
48021584
103599461
102180727
20378214
138888619
81714707
20281266
5480148
155023409
31446783
38194047
40887520
75693953
124441997
9443577
46879889
15545944
114756004
85815565
101550025
75423864
86931799
93502667
155245219
60412165
157692457
131594988
13509309
80518810
121222374
57020107
126934500
77350404
46079663
135470110
81861834
29565678
127054407
26660017
82940734
24749559
24760345
58281148
20251983
134004686
14112510
40916294
68831439
93781917
99620150
134371233
153604964
25203145
135818522
46314321
18847198
33021779
18336923
29646531
31845032
135340598
32897269
89354131
83426974
93382018
58845657
136871494
153438274
77799113
69419507
43513453
111265394
50281108
63342501
12725739
41618858
48015746
42619067
106816291
82524961
86120277
132857705
137186313
109824456
98032853
18041964
20470688
133407604
4845892
31036625
9638123
72005953
107570918
71705251
143178747
21170625
150996395
26032008
155349799
105186336
123100013
23592665
105036883
30092998
44294922
135547319
82467
64937578
50945354
5931561
17384626
73425960
126747658
116603853
43820262
138108445
9462400
60527027
60153459
25485535
52523086
61854304
29219082
15210194
97071575
97051993
134635242
28102090
15456390
98585787
23597889
47061700
84096693
137348734
45542351
105048062
106431049
69187616
144408831
87983823
117924952
24777708
147385531
69044490
104450141
84513809
34401851
61218960
114411666
155831983
15819911
17069240
54848267
112789686
20984292
92583700
62043452
16557706
35369917
100752862
131321568
51112198
68374425
45327822
5343288
72115079
75133954
154436985
20442437
20379639
9348272
124226852
134242562
89436163
69150394
149232160
101251865
72390579
31313541
87064054
141981935
113335006
116461383
103547128
25079227
137530325
152857093
86943461
40272466
41202872
14998130
125053642
15381557
158608447
153621211
3966222
71354004
79124185
143955543
29592157
153047733
59956374
25594174
62309704
116131593
13943403
27894271
102879501
146763653
93749072
68933757
65289165
73752821
44500947
63996436
70995820
102398382
131388692
33127122
64151406
23237634
71898129
34873090
29505679
93402733
137547688
3996356
61598527
110209685
60408418
11424467
151624144
127274212
151918455
58257872
65311946
93638222
148928091
138506511
149255752
38926695
6615528
100197858
56981375
93337367
49519431
158271248
55801718
146928380
31957848
27215836
34193184
72300789
81959507
51808926
19778502
6001056
106925751
2835570
121614046
26685418
70372185
89399315
53347909
107719187
62736078
41124340
53564933
82778895
46545205
140030350
135933995
31227831
41445718
53828474
150849407
149189485
154999753
105179028
76772615
50295923
94403811
91889505
126491465
84391740
15489213
122291413
107724345
31234785
82301532
98572335
93727716
76527909
152861793
153185491
100427366
90046791
31871154
115228881
37248643
97130935
134720497
71981992
106257917
95045423
53996627
102962409
138644937
64007244
86202266
80655504
115722123
73410971
91043310
61425938
7022747
131519772
93402219
98798499
8702243
127405603
84160394
38424601
64101360
92080241
87947418
157527076
9498913
72061491
130828695
50277165
134460201
79945156
22031173
152967073
148305788
106832174
117258693
30883830
47281819
33701616
137835744
52315824
43997251
136791870
138306577
2669464
53998877
48770899
144517768
15894240
50715321
158292641
73631591
138826236
90726554
20487116
17444338
142552822
65587828
23328772
74164195
48483945
37068884
155088805
157308569
55730941
34484541
83213673
139985695
10194789
152458839
46094310
27979252
155782085
6427852
84380301
127143731
64048151
105377621
25056070
58753530
5696759
58922650
83307170
75754729
14053904
115051177
25533310
10750322
66297490
85398202
105653563
158774283
25799143
151961144
81805200
45277799
45820782
77778193
111966910
4188668
91179245
63380765
139757831
90449107
24963698
73059290
146022622
127613326
135827290
110252343
71090402
158071709
106171200
26332589
59220782
100921040
81747720
152391950
90180261
25633602
2560157
18972469
74979742
118400763
14581753
83690613
6530514
135847811
83866575
150537663
102221212
88357061
146041360
95517863
39492717
17373041
41106549
119743813
7901468
99671137
87687518
78481646
75910980
103211815
141969623
5758570
92942576
30510841
54062880
43664209
112875007
29904299
68025345
82123901
87261431
71658361
64230826
123885373
82965886
136775747
61983406
22484999
52403894
3333851
32741035
50416539
88693809
58837209
66653575
64569575
142803337
153048192
151502609
89641211
1189635
52575708
51721070
51573561
64794698
50168136
53887575
127393733
120463725
40226437
152180880
67054919
24227619
128625404
113927251
64285827
58034286
7349461
133964389
48596275
158153051
124946113
117810739
104802551
97096803
41810496
21726485
116174523
141281349
70633468
126208168
48647685
104693954
25395213
131952748
81812692
25810907
37200373
29908537
112579891
73707446
33746792
55441603
80439749
151526539
75720288
55337518
69116214
59445663
88626395
3515559
98511769
5608891
136461547
115423043
127486517
147525390
24239237
12179060
20336144
33568185
79231433
244019
131103386
109519008
68674592
2210892
147793954
156921366
6832152
12629811
113011615
130355281
5216034
72748130
122297269
90926940
2512701
120338688
18157103
63124089
126183154
14214639
97161162
92525096
38992794
89450346
47825021
108961880
101037590
55900937
70900914
3625199
39184714
65201016
12200188
9584621
136715064
18910562
67763207
61766815
152783594
81467352
11414060
18592069
102819572
14377682
86989123
61692407
115381458
123916130
67262569
20313751
33486387
146542203
20182671
121146738
7519850
86294864
20167813
5168649
147790280
58895057
79584740
93341426
129172101
81574121
152860408
50404111
169700
151046736
10993102
70356893
156528409
66021569
109071145
34681950
93224110
10686208
26846703
153691247
68627981
152708052
145648611
128271417
7132385
98213376
150482646
81533547
48986510
6156096
76002082
39742444
18834953
68106586
26374844
486658
73502783
137930828
126345804
130619708
130031089
65999613
30212850
104788996
66741503
126074165
129682970
17074408
52616641
91345897
122811190
39839201
148126220
133708448
136000793
130583595
2294693
123580316
29865676
37910660
9236021
26266922
62155084
89132570
147974651
102702111
46746420
18311944
121195467
28191369
56851573
108275155
46960610
8708024
111440634
108550558
157927527
158659602
82574804
58815289
49027419
100360432
150735334
48974959
127088345
27725273
79394517
92165298
100486063
156461957
22285671
107778962
63175621
109023909
46858519
69219589
90853113
124584326
144179509
70143860
93573315
22781519
38752283
31307574
87205694
131712379
50785719
116798126
29938345
16728036
54101841
40643736
62817184
150843131
129732435
73461799
134355356
53264651
23605294
146919392
749173
79593775
59359647
142725786
139329423
37957367
29690499
48911518
135307375
88564096
35059813
144637101
33440205
128820538
78155454
94480083
100545637
2002790
84867231
130085006
25227483
94346285
93396320
3487592
147874729
24756482
58960000
63150370
112930724
21717697
80305049
668057
146139234
77306789
26595990
130555170
75517449
134216386
94680554
132012092
108741359
149227906
78743253
27699396
135570052
149439685
47625339
85926941
95515388
136701098
125630980
125057926
20539226
85035708
17597220
98517141
88538387
99261344
84878833
71651638
28756353
75358071
86675512
52815979
63972916
150702071
130623943
125444530
57335037
110348425
6143516
50468559
93845593
28269051
131079872
133199033
42131770
106850576
71066989
61188884
37307905
98194700
34792710
20671363
95703290
78582213
45013165
119721724
43391543
91960143
129075091
92053333
10677759
65958756
93726454
61856773
156136791
103461193
144225806
93189728
127975709
76632384
76074513
119544833
26942774
19058440
133801871
123839637
10495128
144595042
26351127
4739327
156704081
36300428
8477500
118277463
45212155
22517300
154579945
14265207
8034012
50737819
135031964
158790207
124250740
6374122
110338894
44259983
23852774
71344295
3810045
147162529
4564278
126174804
104999768
26168209
84428708
149102934
153876390
156849985
31824537
79113875
60272743
107788022
106659378
149053777
3225495
127834206
106101369
44988199
88553003
42805382
102448642
85718049
23561165
3202574
98848988
80116742
20034953
102682230
63333480
60228690
8031336
125578288
47282993
144636108
154863462
103012903
112568321
72231835
1606140
109714949
153751229
61039294
37400102
67325167
124635644
36072413
138773372
30673292
53552157
126605446
13432173
147047406
113730524
44198261
149167667
18783792
146551247
142560651
109496531
31315983
101462308
94713904
4899199
109586940
72323773
133007263
157422103
22196733
31926946
47195320
7482704
60889396
12590236
25274052
111868155
116023107
156690558
3851946
95206492
58153601
147703467
22724434
69847512
72224521
47269453
32984325
27088524
107274680
27817662
130856702
24527376
24512306
16199471
79542314
76138229
127957083
96680580
17705033
56406107
22291867
116866891
147741950
119945229
20808397
10677615
70331450
108169818
27968399
44934590
81722494
69183273
112324287
144439726
151490697
104501388
28672763
60561806
32905505
136861920
74277512
56005847
130731243
139322904
34700626
33695422
57900353
146531104
90062532
81487468
28328274
25874253
146513663
158111801
138
15700006
71897229
103880123
94886678
145995198
70787524
13791052
155747214
90431101
50935210
88232371
106269136
57419399
18734362
104298407
33009862
71634125
11210996
95955990
84470451
48093820
112141118
20859252
68978021
119185360
91363693
115102179
53869200
50186540
127414425
87217432
116097306
47554110
57926059
143296172
9633615
14605517
108110292
80374851
45795026
147815246
36546317
148989264
43292479
88076802
83844771
52031193
1955801
78009164
123250595
16198537
104149161
107945920
113567685
24294430
116862362
141366510
158386913
154233927
66160204
100615918
141337898
123018792
132050164
99662617
54278073
134446514
101673506
94521006
147494961
37144794
117373966
104927378
17071624
36970677
63915963
65961287
102249739
61692087
112122213
91288340
18891376
58693903
95769392
128633755
49402320
75648013
143907224
133663626
136346465
78454443
54075086
39490314
82122545
49284456
13731488
120765332
20530056
81275638
58246634
150197826
146327616
67204225
157013051
78945661
43692181
114186252
70121054
21813172
55484794
130083361
119413848
37724617
114682493
127105845
23509345
145755670
135112110
145881794
49453087
7259316
75532403
74054076
61920570
24378333
65819509
45909219
17430003
66829810
44598634
137725824
99545404
26389203
28476460
107656872
138693470
111615868
107608623
63862023
41302934
79994391
97118796
140893148
16440244
93032327
62671292
40806300
47141132
99800254
24216097
39118236
155463343
14317110
109040037
15140306
13185203
13932264
131439193
143999548
93738943
158800609
100577267
99536565
147381938
8013318
70862518
137143908
70861027
56862872
86732113
16009681
17330028
67020236
73132999
81266043
121458243
24553577
5577061
71124833
60051078
103489321
96131770
13948618
32284879
44206689
73167862
145508771
156850420
132286293
38908565
53653732
7741790
55271665
83271464
143489355
109520140
35285931
69002704
81776265
13313457
103733933
4136191
123115963
152096143
62796044
53947769
69791515
56315773
92018863
116810098
4762212
49213541
14188466
60937685
41370617
137264702
61786651
143020278
84694072
89430483
119718631
48243914
34075717
2898401
21527445
47839482
33640846
23717083
123037898
103841603
132288849
101038180
152632374
40985067
118429125
68502230
127507542
80519738
50898292
3304714
3453519
13284600
64239949
101000671
103828459
137026199
32729334
74646596
47369564
77639368
53567449
17056233
117154554
21937587
136179995
106020314
71374867
157244233
29784312
148969740
12140050
157548346
137999374
66411599
156654732
8645621
45480080
109320712
84353280
128654564
2528811
51518713
5110946
102725151
36701239
105446445
146612380
117838220
126422934
107240198
112410573
27956943
147813985
104743056
117185781
51497911
21679454
130287466
141599522
156698430
68258141
62362861
94329585
154206700
129576895
50417837
86500524
28858215
69606140
66561621
156701772
102340458
91546941
46101395
80211017
60430485
127058677
137484424
101006997
13430665
139494884
102521749
83434632
139783320
113203819
12992493
59394291
136001151
124564044
152896359
118223658
139896815
122708245
147180242
120823066
154176485
66518108
97585518
54574607
70998481
38936622
133901034
45549919
86795012
128366498
71786904
156010312
32910923
135800871
97207519
157709856
137236814
89087104
97331723
74526860
136724728
158131856
3951992
138625568
12843113
106760265
21990854
75374622
51797364
7745880
143798276
69242124
119129184
53026596
29679015
74579369
89451028
13409260
112204426
8615958
153348063
77671751
117089593
47927101
80673153
158951596
118912325
15711605
35547330
105723464
149657091
104325434
51204116
74422360
109658140
146314056
128853658
150600603
19785129
74580471
40399403
97976867
117670208
4936645
84918927
81815729
6349982
91793644
94621719
127029709
127634884
58714894
44865962
42064651
71471222
963133
39743148
82982953
131438896
50020188
61272498
9242372
79266296
102137698
28393874
97148684
51632131
55616733
24350845
21412691
47365612
70354121
93988362
19103277
98195756
114991776
20357198
82088921
124099966
105915796
88199528
41436182
88646789
117201757
86490082
148755297
131664504
20293325
146675891
20512517
105252814
19772566
103879921
3946230
27771050
133244506
11371517
103020522
106188240
111170868
63174634
112263061
83415467
69962634
107526324
26134654
109289727
28200079
65844715
12329325
113443810
36896046
93930004
142492725
56890336
120929594
99135437
79981655
3268818
73958720
118773386
126295623
65496840
97490000
94548762
131715830
1942030
101394765
76501983
141772604
50473510
113992868
56647149
41244324
29777324
15965506
43910322
23217169
106853434
82494954
64968329
139473865
39567159
140471904
101896855
72300150
117293241
125159254
41362891
19692068
70852172
40910196
25832024
35200703
127935957
23622828
67564610
97682373
119364985
127558615
89038255
22638851
44222260
20834663
64822303
84015618
30104161
94158477
150031329
76071896
135202994
26994103
157303363
70914696
9591134
73250497
45817822
37312556
83892398
127041964
126916717
20566468
85265013
151275468
54480603
59249977
71375877
138260870
128918345
131615705
154261048
125468810
3142366
123735725
100617052
88524930
119298255
140636281
11422505
139738125
90765056
24415597
107356032
74339102
6870692
75624141
124205066
11050170
59530553
60296295
73720688
110454410
139116602
734275
32009673
119429222
133630148
146559798
86316138
3554021
23287371
103412428
46857771
36286325
78665607
133869189
136119616
60620795
25675737
24090770
154109473
126868499
5732564
43506951
15870664
6350622
77420073
14688547
103194556
127531750
70102626
138997663
123038566
19924632
63854513
152385027
31467004
65776912
62712723
141091760
148047687
84891050
30167892
75216742
64039469
2753964
74247485
103744009
133081491
117150270
135711918
144510687
148851498
16811911
44598439
137479752
70109527
104129847
47619530
74342869
88890864
122873272
114706594
83115064
26200961
98793245
139722039
147836736
137695578
41668393
78531188
113937304
153964453
31190274
136863551
133881995
132172416
145529321
74345646
115692717
81745726
142731107
129109490
6907320
109656538
46910180
82586852
66247255
74711326
118396911
121281632
74645065
139600554
92554471
88643431
27369815
10034085
56521055
92918358
28534681
128781297
79009469
76780296
122564892
80962168
50311522
122762737
7965695
74197296
9198123
36407998
132348779
7547284
141221671
20391228
28528732
141134560
43597688
25042365
93184547
96424610
103928226
5748914
64252912
116785363
10500073
118581469
21803185
135368990
146640579
21844205
87969781
128812566
118607045
15133930
157466125
9848631
157946676
37781507
1915484
24802580
77509257
129534879
38597351
25687888
127470574
25105563
10647987
97022984
141377270
129049329
73721158
156116113
89436657
49017511
69164391
149608926
69549504
118659205
105451315
154494281
44732405
79376391
103778963
29323190
133138127
56471427
100646728
114571864
106293122
40664308
46068138
127349943
144550627
134404106
29642831
53999780
7219923
29962788
72557061
119740594
637106
11098639
106277575
43279040
99642210
45836625
74508620
82174186
94383975
13616923
41768059
40439040
158856140
35893297
18680318
137260904
48905948
92043151
80807988
42257541
68233708
35685756
92855783
156756415
91793086
157672398
128136303
59341897
90373532
85119871
112815433
99435294
10053885
30902450
42360562
116132122
42097776
102345926
148063293
131080766
4304112
31446217
39223387
43751653
152466609
84883210
155232098
88372017
130016591
2620303
30020454
104817034
43598953
24055166
87356597
121047921
34723288
69683490
24328943
101061767
30570765
144203855
60088007
69084511
113177963
28537657
141921928
43425781
6732620
119253578
9211913
139738357
82500085
53115571
27371649
113158111
79027764
105754018
130611504
86988943
156016694
82188650
12639693
117773449
48492509
82739947
142241377
76455977
59253231
9508445
89539547
103272732
47915731
10920250
29078737
113601176
1705414
126010366
23808076
3263458
23040330
82192882
35539646
140258331
1262088
95771510
82710075
127876882
59071622
64384119
102069864
93970057
57485411
97673110
30854546
136165907
154094236
133854812
54503414
43479640
120169447
105664018
41588111
134028548
27070353
49149452
100757676
70785971
115853442
1468828
139637696
3976013
15943368
156848261
117606159
117327979
71107021
100017509
10450608
144640150
66939012
121106787
53356853
92563313
37190030
90859623
80221191
67254372
136650176
153807714
142382680
22789868
56491508
84597758
123418181
114375152
28182298
39088316
62435795
77608690
6388028
67967777
81106534
91005754
146449983
58716482
90889327
68878770
40381075
37284992
2190279
73101906
103671049
45235477
135953504
93858166
103308039
51643464
44011927
101416447
69495264
118617013
123902179
43490504
16456000
49164528
27808584
115615637
145621190
110886174
24357524
75329095
64944968
18425222
12193595
99651858
32488526
113119399
26369067
77778553
120088777
83172596
75394498
111252788
108373631
74959143
127972153
157435205
4224372
144446765
34648669
80363059
24513199
16663742
18520688
111084906
60832893
78155250
75111490
144650872
55142928
55877347
4197341
144789564
131524550
155175565
148701771
61795057
14059863
5433740
57128260
142274353
87163080
82011592
122744838
38061708
23437155
103033438
104830417
57354928
139176181
26611288
147614293
16846722
53574217
139568387
98112465
143505563
127353733
126777553
72204912
85411072
54933198
63706021
52163378
138993362
152659462
116090405
68555309
84202603
89590280
107799835
116005294
104641568
75893627
59660896
122179106
149337547
9263607
5094185
50068697
157503569
32651966
7531249
110525844
100011101
103004205
127544660
156290705
107174493
20268712
71950736
135307185
131407018
82724831
20058290
36387354
37334344
157447099
89592033
128747541
122082404
99003049
25280999
53613959
85383271
69004389
35744580
117116844
40559231
48201993
90268040
69928048
115030644
53565564
45701698
74451903
114064929
32878095
13712863
118267952
133044407
116803015
129739544
25872027
76839380
74065128
127158383
108940285
80326951
89965722
9717910
80283766
124962792
92103504
6699501
117193920
1332483
37458151
19291841
96677141
59892388
118582105
134647045
6985078
117936631
14279192
82561805
45072665
24863965
135516422
53514515
61709851
62648289
58818418
111906011
141453442
144966359
136210452
126164686
112277607
94291839
48668173
54114545
43587677
75060614
40270125
68897480
132884073
126873388
7975238
87984022
107522209
116231934
132124563
95723419
23071885
138721343
60572051
113966512
32185134
20561657
102145616
76467866
139223243
28964543
115174874
92373023
52428467
103465262
126920704
147681752
131856921
84678469
39501043
144576301
154985408
118213467
75354536
30784548
26606815
73862624
8081284
25203108
108308859
14106824
54348999
133631665
23724003
158276040
91719028
28114722
15763498
78584077
32126857
145177476
5746004
157666691
79769235
128332563
77665311
42851135
76215799
56956778
23725723
74395312
6226971
9334933
120837793
30942254
115074505
22539317
53399521
142205112
76451948
137308013
98000885
77849508
16631127
5384688
30715345
88290197
137841679
90998602
47079205
41635555
104693786
26032166
149837419
4927484
36349084
23951007
144017280
75125227
126784225
111275004
84159663
82108557
117619284
68689120
42510462
17044562
93611910
93153156
74004680
53036415
58439714
121803333
145020368
103254659
115009134
152543754
35842391
35978258
120206270
40691554
24407875
87631070
101363134
135173177
48224313
13729423
137431778
87459369
139819471
91195888
47126802
135249115
3534567
75005115
150876348
141625796
149222163
46248099
99090574
149237726
40455894
118547411
155042676
28139066
40595066
75018682
102510068
99984086
87918310
28354708
87382498
58253362
10207821
59961512
60231376
16521019
47113878
41514191
127317762
136592208
78530902
114149436
80403933
33112909
154537093
128766479
245883
28036249
25965152
52442978
88332770
61707616
84835801
106186810
157243300
80438104
70113440
60186906
140062275
29393120
24406923
27522761
1709651
5550984
137603920
81200170
71223852
142460646
40467539
84481386
6509500
43007876
31509230
107544093
55166494
65996799
121000458
34129373
103352677
60526564
104361524
139634535
135717907
78630017
96165882
97258315
89701212
110135320
146656815
86889671
115532532
58660570
131738908
95919651
75380339
37622980
95812333
48038362
49663514
54410504
69825802
137402776
10753396
24961897
37561917
105389819
68565529
26840660
82334327
44607741
76716416
158606767
118568771
118925092
154197648
82986654
91389726
122953201
69637944
141176408
93720275
69493565
24970612
20120763
81330517
130644988
49900807
117415315
75686770
144072405
83453005
78387108
41731210
31276987
16689033
109082014
36597819
9537256
83718742
99054982
80893325
6501296
129555236
155491099
68081269
145733027
8212333
22493626
45157380
120574686
24639318
22291969
22788640
21262151
58225983
68058523
133735053
122534165
153114976
37791999
116828450
9934732
93405030
58278124
33296092
34279163
120420097
53143330
35245580
102976136
136443103
122544143
25455947
124237996
110729644
38404082
96981515
78148784
140806036
82399590
141150293
67076531
119828410
131740863
45383342
132063185
44482243
95813083
103985239
108019123
70238698
125240267
128405247
98858986
137229765
129790765
140155961
146362570
44551273
34437823
85770758
113946969
108109835
124443166
144570752
86500600
137836772
17060054
84038988
72461683
24132994
122074691
34237903
50064152
115038183
37630303
107457233
42847410
22051734
83740594
98520732
51760060
45625030
26244235
59979434
56470097
99059288
150386175
82056565
83563673
40919593
14324368
47594609
23323785
71612079
128644748
9773237
111983986
147362932
85741010
75249911
39645962
85586251
39471489
132942680
80709095
33883002
156863806
31851931
88118280
11071116
152908352
97470263
151298453
90604913
84216126
105000478
134795723
137376692
49064369
29301382
92072706
147442007
78073316
9510926
32109432
93546364
146088034
30936990
96013822
108314973
3478081
83530937
83695800
68584152
118112090
39879957
129879418
94710789
135270794
7148340
68048924
54473485
112804232
32131521
35983506
40421354
50511002
129086235
131914208
128285511
155919220
134434425
80787330
35251383
136556046
37205068
56435511
96597341
107789644
129209065
95319431
78186575
71115695
21390211
98552921
115960224
76139266
134844894
31067595
110632519
107389700
112996202
64021350
66475338
93602081
125730709
97860496
135503268
134938020
140235662
144562709
151198021
5791573
18677050
78296718
129070435
76195347
49434900
58238101
154388012
55305203
73691960
21764192
71253268
86468125
68037523
63191116
20850490
150629750
80064403
14455235
18901007
51369714
69753264
13900284
11644712
7434247
60418250
39111584
5278624
37517860
113085205
32229929
33733452
9720922
45264787
134681430
11326212
54789592
89724556
47975572
48638825
20581172
134898519
96053630
19382316
92886670
43709300
46195126
48116310
13732614
15910193
111234488
11293399
104340677
126233260
42977687
4911225
23628015
78555544
100091698
62145179
148067336
92153221
16852343
84486757
14372863
94789900
145917821
48904393
85291323
88953377
118012189
145294677
86397660
56150037
148608952
129172527
142926576
83744536
70965538
79360079
46630654
149630173
135079205
44208137
80888545
105041520
59614946
16312698
53707484
19540118
18079973
40542724
133216721
100652852
70521550
155725596
144679833
65446651
134545128
131341212
9108084
109958382
82533576
128749335
107301011
140111626
137830565
11146655
84450569
152565126
86641005
131476912
3678684
101777338
114059324
121512992
69692077
64251580
93913130
140348007
63352627
13792972
58916752
154206999
59026742
53309504
156875092
127606272
48319814
44204241
18952447
104268380
46474549
58695319
35285720
111487430
40326157
122442336
7808507
132966703
120511404
7862772
135875510
70144527
140301553
22901442
52502490
11232137
152670436
88540461
122194227
8733373
57518404
9651148
31630124
137770169
108261662
75579217
94150019
46755934
143693058
45847452
18616357
47950942
102132273
79389062
21467819
66391201
127865675
98423461
13006225
136419621
147214313
11641804
45499486
28853398
153604216
108965772
63262991
131910611
98336368
9838511
85941384
26280296
85155586
131080460
129808141
33624388
121562890
97219297
12599163
26249794
7783957
82895349
122913789
65161356
125977052
37826697
49170630
99728350
9068917
140806946
141072762
156338134
47338825
31334580
21911063
74099927
8833839
2383729
119474515
51267667
40320557
30809565
137495743
65372225
96750994
105874270
98513982
715402
124918176
102357005
34465601
70316233
74715304
152509408
24731506
152585086
122041138
94554903
80516981
11676495
87163395
149121514
113579898
89513249
158013024
112784064
68068607
83926609
50526267
65545228
3540225
97644054
100529785
145212644
96249286
53477404
86395681
43690048
41530696
70252920
107986877
114799395
127358796
154908419
26662917
81442768
8260312
58791956
136556627
68653067
130326498
83941374
80012101
9908419
29766251
57787038
29062142
119172528
124089040
57438179
117404575
36767679
67156660
117359185
9792403
10578243
17273857
23516095
44822013
113707740
38822460
29825261
50419210
24010417
127032375
65074055
9622461
20770208
93685731
10247364
119443773
83173506
70608480
77100227
58946778
69360597
87188415
121491792
121079639
110369080
145290701
121232679
7875173
77609790
25642245
6497576
92330338
117611326
57360149
30988496
17340016
27363454
142050211
47982731
82267514
49037988
141780068
139983592
46678812
4786155
92091016
121704420
69062166
95840948
16504072
65764416
75372529
30975134
51245286
115597777
24484061
8147194
149200864
49578769
152298805
67209111
37628644
45028934
44708587
38360516
43714699
94265686
115874536
127319284
151546718
49072473
90128590
73053649
62238862
25683470
118629359
50553479
77818195
75004748
28311108
115160644
63408313
17807087
20628964
17587237
22915306
101733758
37060658
29532081
128261164
19113484
3859094
138071958
33579924
155275581
76868282
48724881
82993711
25145630
110852947
125392398
137382440
136272726
155678831
79948279
27151247
104295690
12834929
141380088
55913343
131570809
34846406
82629223
122835512
116549683
17157787
59064204
103281109
5907195
31778746
142648034
36972421
98717045
68754293
157812071
66555909
34185413
120335194
26607086
42495001
11098528
43867182
133112895
118709960
134250068
90093089
99129859
145439700
157070329
11645566
150811152
118176533
33533515
87795937
19679589
119156996
79062005
104946864
54053108
52566770
146633787
98853725
22208071
20813456
143093729
117345894
157337690
121248130
28001620
131955317
79830775
115873558
30686695
38230496
5538428
95674153
6836688
32238926
6863881
77723796
58893011
2240783
52820794
125214127
43536589
94820502
20258470
151035722
90264567
108328515
135443761
65473219
140483852
28367675
100056964
51007613
23811902
130849606
130082311
20827871
93531104
19445258
45287558
85010091
86386859
19169707
25200483
125255039
149072889
133966325
87654803
43348275
41828483
150041316
18418176
150149465
138734946
49215788
105348617
147728154
44730186
4506078
132895487
115959354
47654587
4717607
148101402
88757762
86708365
157461184
111503537
151499408
96044686
32965150
44148533
106967306
39890260
5770552
51707934
112814376
23516068
69443275
54475974
75827116
80115182
30450940
82997505
83683058
122308402
125330382
114298960
73953002
7932053
59019733
74877388
44546812
104879412
49779885
141022315
56812910
26163723
39098103
75874236
30941581
1035079
150423274
64513306
54955498
53847260
85665102
99914769
7290261
77736948
92466018
24213496
49994445
127819484
78857029
48815071
72501875
123817883
120275542
39969547
28925082
48440009
149529731
14308083
58878486
37961635
8179458
82828635
96373862
116440795
60256519
72564441
55801320
21095983
57321994
124886602
156874730
56774494
4218003
3762721
19550187
86972477
43392518
91950960
117305169
148814366
16973899
108399876
110184383
75517401
104063758
153470909
35797815
144910729
140197061
81082004
96774302
111409852
136080664
155097349
85855370
84824721
14365312
140460169
34258192
1358707
151234404
55967651
46234882
145696426
71713364
61441978
45084143
16955294
66531540
143538481
5020734
129394706
73918674
108826889
49705974
52270199
117898362
25975267
84757578
110982763
6687776
36509138
149155066
129243568
133094233
147003505
107309560
119542658
113874344
96048120
25941975
22118839
96878169
141326386
52067850
85594187
89464309
136648402
16018929
16781249
20068836
123002856
152592677
64507498
97363928
61034165
24401896
3765537
85720082
20801786
117705155
62101165
5758916
102603383
104431515
156675228
87929091
24711186
4742961
85242114
15737388
59707272
141345783
56496291
22871788
92347522
19851990
1877392
40505308
19791914
88327115
53348770
111928714
144719068
27300430
113059909
11520336
62965601
65872615
38877026
116119265
96719251
76315699
85678296
4054221
30956955
33994162
68933805
26384839
24011216
41597958
120820897
141432605
53990874
104708209
56410892
13601898
60797701
66333578
17372144
107225456
76561685
94004169
78313684
141887967
54697652
156572483
153186740
67684001
22686909
87605560
99519529
51467561
75234472
74079257
120198959
24839368
23394542
70909609
107739353
84234273
100849278
28331383
106884758
82274193
94532198
10294903
116539269
42101582
109988167
29494848
146996424
103860450
31902380
80631969
47264797
91350282
85451694
79872036
69261758
21625908
2015805
69835250
13499902
148585788
69610363
53117905
6133500
25768985
38769270
83075208
49511854
6059812
147715308
62557711
70734787
136168660
147865246
125099591
21584274
37502892
39692133
44230595
27016971
65824320
151485331
64164761
86569513
83923658
151015020
77871860
47235716
106838326
80504621
35265133
5461915
149170269
5391456
126419346
67351356
152705695
114448770
40048039
140355018
104242412
118573741
15107337
35872591
154745896
61232800
11377276
80639621
99250243
124752816
114997246
1738374
70490774
139454577
85484118
59153281
65251349
11773413
152521083
115361219
105526594
44310023
68365673
136178500
157833566
84825488
110108526
59485241
79830764
111255967
17196164
32177906
6193746
117102341
83656286
94981369
141883017
44961549
91856864
134967749
107045029
125671285
133098180
92527027
25972246
82595744
72351984
17337725
62432815
157750446
70988097
54108660
70552858
82896355
79838905
116255356
154421479
24274179
112691376
71442774
157529813
121492796
5225283
65187415
143447831
45865280
142690286
89502738
49302095
114392610
36039007
116313225
110036954
60543185
138487743
154310842
128386196
56150759
123001469
125082998
54433520
116656302
158703985
135242221
41062003
138029964
139603835
149680756
82753198
6127227
87580789
62612831
64728078
48918606
126945864
148920165
73605833
94896827
98214861
40130942
68732541
63586701
10676219
141101144
107736453
17275523
27763324
71032646
37384733
70659745
63462487
36999232
47163699
98580777
56020525
146283036
5904384
41031575
12518398
106738451
56393617
93763967
111618334
48153512
2582417
115248006
136839260
36683171
128124130
130796673
138771955
158034465
135762054
39538521
156271357
77322546
131034185
77994215
59970222
26315116
103692681
70914471
103140542
89740127
39716803
39411307
19972036
121259422
44487255
87331660
97720804
134339594
107288700
150663810
152952317
143605577
148951650
62811748
38803058
125096923
41463710
85531069
125599128
21018907
150770586
39418274
52154018
96618032
29977102
106690603
151688592
113991904
118434946
114016100
155197562
114097726
4321312
53135871
131062787
33676122
101683613
70088686
144047480
91391532
115833343
131406551
150968668
111881339
24704494
52494177
13237648
34833588
46733194
88611087
40934544
74472748
92868401
68240810
52748314
33580368
51042429
107781327
27493647
132941549
33270492
154007908
85629539
127360544
19181133
130624128
109757332
11178162
85476896
28271188
44400799
21733864
135707924
102113
47403554
64657203
69559719
108620470
82104124
72286084
133729702
61097529
21360856
46257196
79945092
16302687
46682844
65251510
150965383
53353489
71390524
107365084
38975618
73364872
55272428
41104674
2931178
83151313
25498310
73403288
9412237
101440488
125187071
134608221
137007794
53845188
76673221
75660011
54271904
91495948
134067160
79016281
22900585
136775446
98304965
82726763
136514110
155328987
100868254
122900839
121620750
104642406
19810712
145057106
4289638
196025
121180806
35746989
16917889
142282760
135033560
19034460
147319007
1815002
123309686
81428398
152746394
121492094
43043495
112536933
102813441
97584353
849805
110416787
63585088
53529019
85891169
22736695
12530535
131226945
96984269
79271350
1529709
72204909
15507542
10657926
23941618
13521314
94924400
133673655
156940407
87524582
150683379
155793210
50243067
34631894
125696669
158842011
128411791
113264050
69355489
142332726
29793353
39536857
14052301
132535828
103473480
63243851
126983660
20175430
158155844
37726284
39295311
157747601
134939204
93420522
93525212
119928431
155211641
11207108
30696509
134489791
90829658
1369949
88038123
17618030
155271696
29221846
56171860
14827930
104378856
38659419
129271432
93831601
101463731
84142017
100300034
50349263
33108567
121638568
125888629
29754670
144686833
113310289
154397489
120736141
47562277
59841484
87619954
51547381
136180114
25783197
46214706
150160846
127906719
24761655
105488472
116036043
10377859
97195719
136148831
114040043
48839661
93123103
78420201
69670434
106873237
56755392
67528909
115861573
118710568
88817117
25259947
31019995
22216846
112910955
68027541
121590650
772206
55242941
72597341
74871880
152604689
47616359
42688164
47955248
5922082
143019296
116217910
114086002
13951736
88549856
152566897
11518764
108023415
154314548
16873793
34787989
158885356
57785013
42726491
123586473
125093675
97855632
41806562
146127308
118711493
85752775
102925017
65805236
5587464
133164207
98861336
65557770
50331070
9670739
97795996
36241333
62010174
8786624
28671058
55328252
18903782
89750531
8479145
135992054
82679326
47593964
65586513
118882439
103210966
54435296
88163870
55400177
28270767
31267481
71272659
2455310
15887077
43145748
71688482
107836356
91089908
124047247
45043806
16087233
742556
107016043
44593292
118205679
115285523
74484135
95877882
34113139
71724844
11701645
94374036
125523679
135711745
95327013
44688494
37471404
72957786
51361646
108584161
17263064
76317069
72248129
57201739
54466228
114156868
81323332
132351313
14397602
150097764
65549352
11535836
90229794
54709985
103365046
113849548
133202778
27693263
115579532
2245507
130343040
11301547
47978178
36970908
79682188
87144413
94106547
135297998
43650757
158831214
157880889
121580777
103141279
136810799
137879340
4941774
117914998
120777856
103877750
146087018
41221660
74437558
144767399
5947588
146715624
5578716
40936819
149352369
119435008
78308216
76074178
68837611
73003765
119792122
14556068
63761946
36257010
112100771
21109084
131806500
6287154
87938473
125979953
29622599
45151658
96559895
13516892
146069227
145694110
24339917
26132894
146328459
15875583
25079454
129332974
116097760
143459459
55866694
85630559
114104851
97709375
130983177
90047122
68214749
83867927
137879966
136525880
68489911
15407427
41818586
23347669
32028161
129297759
144662335
50937726
67561273
71929254
134522286
130274409
8481877
55083340
86736295
143497758
154742823
87560626
63943680
56482006
147858657
139709227
27367561
112486644
78942786
88206157
77440415
119408432
37017419
35872423
98438887
122782058
11979174
75562522
70402999
123191279
85455832
129841697
111642940
98994936
81132115
152489426
31766096
17350970
111922047
20565428
141885491
64852187
56447726
37607022
49191086
113550394
38580170
112152625
75410697
85300707
61954242
157603512
52428126
25356041
102781843
27622799
123679609
97361459
19677077
50037368
24415598
22847578
139306503
75701393
35351239
50982155
123430075
34201078
155102663
74582204
106790741
1093484
151134716
52531018
726207
35959573
82184947
82601808
25487954
132830430
24527828
148115828
106393521
90154500
53808311
24851660
122663239
110010251
55689947
24755444
143374099
81762821
71930652
88985254
70823908
141270847
134600406
56158761
84688658
131015464
33681155
87513109
112529864
135448203
129695478
52014159
138020288
10067683
132889922
69128613
43634899
116606936
106266749
111068415
51529412
123326530
86660331
131038626
87272080
151497068
26519351
69426211
13335893
134806086
83630596
10313293
101438289
113253288
91897473
48402431
139290343
23049418
67679811
107770661
22410138
43334643
119783593
80206188
5479115
158345591
117887840
134511986
86749095
136670919
9826864
128296713
98146563
77007300
75846273
46991996
64540330
117240982
103698595
117621565
30688502
72779584
130769310
80594302
133553416
117064379
89812133
139422797
121247283
38392337
1280700
142465386
153469862
87819434
56165376
18945491
45586395
14581221
156521348
41886504
81405174
66811673
117358400
86926985
22419988
17127905
75219944
44486823
96560781
65904564
130332970
125793450
149437226
145920418
151804497
22098911
99988433
24920192
5911080
84797156
63862077
75660738
107795182
125838953
89150412
17767312
158766845
31885311
68104743
145063320
134105901
115806322
9292952
27790295
147907182
80012083
155179865
43592939
116809494
81312135
65235316
137016677
7140179
90262059
151500870
27696626
108716524
105498735
93769502
120816544
108513627
19734627
108215577
55007412
3248358
23826597
42742556
117876229
106868045
64426038
28905368
98213242
5707042
43820231
45314317
128496653
42133610
113686108
19673532
15726474
146410790
74378240
133584271
49274562
144923129
69629270
47207952
60636634
47905537
129811670
109868420
16843095
123442037
158599631
19716860
120401578
26718690
10548681
98546539
90182644
61958718
151383564
54145039
18359831
22222976
158883079
6048445
5895561
95602168
92073880
138532673
151683362
30216094
86628088
15276742
157162989
128428763
97028874
30612171
51980206
78791083
124307842
43963679
53237800
146532012
85922629
64946816
53926763
4169392
66917230
4165495
89280272
118926447
122317290
500576
44755183
123698752
95294810
39797145
122492907
12523874
157585602
146467567
61888154
97707225
152915679
147242479
147649513
69419554
96952987
11976209
94623407
129438079
78799894
42743709
110767669
139817670
125487265
62079692
46937141
108515355
143500503
136389966
99039932
118797774
107977732
150392955
123476894
119227847
60125064
15890131
139869115
111763981
72305490
46587372
29998580
793929
112441154
14488132
62328060
133534737
16205072
32850075
16774232
150912635
158589353
47098596
42099841
135210679
144205734
158571994
48700756
145633946
31538526
157756907
5698071
3288885
31508305
141312865
152920815
105454194
135445244
107857965
18140556
86624944
64754564
16347161
51006144
47195449
52207928
105552840
62045676
696173
75418488
128707958
49693116
52161339
430397
110014838
95794442
8593465
123743990
99576364
54585252
95096201
72340141
145058009
38971823
11716339
102915471
120488899
56359972
141952408
56087682
147234
78350339
120077720
148844831
69830772
18466255
64960301
20225937
47952632
71318449
24531068
39805328
65739598
25982239
80785503
139469898
47039507
33811032
117097247
31884620
77270174
127292893
40555584
136083086
122877162
79974719
139078421
4621830
71351747
35921168
83592641
2855382
42553341
72716995
73550042
55327140
138226215
60092176
76186432
133831857
65445734
146755746
92643599
50811223
101277865
84640222
61031071
133806123
22328746
19740939
13885343
120035489
31338274
84643570
144049661
81894247
126525926
102961803
116596477
115940185
25733744
53224930
125181020
54820164
105472455
137720071
65974480
137067611
83158893
39841986
64760786
89904893
80967385
16297610
81260662
38881114
83072158
142601476
67167410
12425000
158605886
19852698
133719800
148637999
4209629
97250523
39381436
125134540
120584089
74459464
136797124
144111814
22591268
145832737
68042554
18194495
24837701
79148503
123247781
55327958
9797052
153301613
85911470
15856130
71747026
30560412
82535618
126554517
50617275
101215601
57217925
6136849
46282704
137974067
45358354
143908373
112717792
114175390
56668621
74994875
16842507
112349241
71837563
46153477
3470684
79305077
23586683
125887593
10181906
62151956
146526139
61605793
107671098
29020416
130017881
109277803
35090365
81589032
148752325
130701785
149246596
128498522
8348284
45064971
106141775
51371550
154924700
42096298
76724331
29305131
58107696
130307715
113529524
80248656
119860347
13663012
95788617
32356573
76127600
131718350
107227911
24407893
62408781
153311742
7721265
78855879
118713797
98699944
74560408
55015938
126402118
154867550
62942413
2997056
4486353
108513010
94448620
12374349
100329221
139806282
86811316
2541682
46861552
62237552
27849709
79438346
114898107
44573750
13104235
134630304
68837363
116539027
20427734
46761209
67477372
153810801
133964315
18207170
121210592
10466248
138137297
95634330
143728883
156552208
115374436
83148515
66508136
57175204
73847139
101991650
125206024
72782128
45734249
19353292
71306021
9366440
63968076
83230337
154158230
66084941
39958231
135667931
46496464
49236501
154346653
119318699
35782999
78077971
48210916
38392213
57429359
23953058
129812576
139814744
53596903
114312511
17741577
125206423
148633891
29680114
104284357
78772923
21868754
32597365
48263508
99424190
63169038
38307840
112278995
41893318
146242003
85872246
123789798
76486925
99695287
98424006
90594174
89337136
111034937
119699744
44054809
107365335
20735525
89677111
125423104
115582489
108113705
108831556
121170639
88509594
68216953
76490844
145985537
63714098
93603633
120112144
101267758
50966439
9456907
99953501
45040080
146918686
6861762
104694215
40812875
1402221
7022021
109819165
61155957
103579381
155095422
95048870
80790309
131749484
90973176
1193429
147012025
43599324
121757608
47724671
72533533
61850172
130079405
59066443
55072484
42061212
123707401
99766443
126298567
67459159
73417641
73620274
136831425
153935700
148628385
145409336
92594992
21317511
11684855
83924705
136205086
75700237
84792960
23280298
87593075
9077193
27507170
355356
113097421
35992261
30561037
116006541
4649657
2245852
107067478
59624612
146139334
92198629
134246568
707430
143271753
40954271
35774818
32720322
65952527
146760852
6749839
140398523
147963025
94958879
1620276
139572137
112252834
64347414
144595322
36389938
85654409
154389897
116964564
22748420
20393186
33726012
34072636
33048854
87706805
142821175
62434549
133176391
95632834
63061442
13963930
76544858
3103786
119191738
69051541
51044674
158585144
4065266
47690748
157874970
101317350
112482820
7533150
96705201
9746017
53085048
9741543
75592583
23918312
34442305
72290733
111016733
150256065
6382996
143394180
90431451
38371911
2635763
102382412
52910292
31231628
24521880
119364341
143338103
106664739
61216387
48890462
96708021
85689468
44155736
10821002
156599243
36677633
85030501
72821336
127397944
22074673
46524119
75935380
106482205
21211157
32433706
52610437
72852081
54059932
155804183
82805745
148357590
30124852
14315168
89503458
28487453
53122522
65934310
126891566
147008682
151875871
120239015
25587833
34381905
38240950
79764227
154239373
1170400
116712146
94628938
26392508
95237412
73135926
154425899
145488599
89113320
60736059
65786621
84923148
32091971
29123822
135934500
18982333
140227946
18645772
157141694
94430689
76836009
150067748
57936796
104617254
17225879
75700299
44219834
25892414
18908577
49657801
8088824
117512203
29515971
137316250
94674154
15553340
110728469
25238267
58286203
80308114
80088310
50224216
148919570
95095136
124955612
81185621
156496901
128176736
74520862
19174091
157954812
133574936
1520389
143174438
53897055
693724
15980811
81511149
31758963
70575760
64173393
15756343
130528518
72219609
12308065
137383216
50352698
91931285
158584081
25042477
137012685
116709275
58204135
8101401
22223925
54908091
2621776
37885273
90563458
88384574
49894047
49690551
1981782
116552264
9510604
30744551
84773184
10145204
64046777
62576721
156429307
22619839
4349933
146048211
69363457
158610350
150034373
38630531
119957063
156532469
139103034
132605127
1129049
87248478
35458144
45896154
47211966
131765302
157246287
102768280
145502954
65821988
63348024
79126127
72031942
60367322
52055721
136897572
58657920
104730110
47902750
121588439
101884493
13415442
120717392
148466745
27755856
155068617
75932933
21317129
116830469
24441232
139189815
89896659
126510925
101849846
22219450
73391534
117521694
142604581
113384818
109388959
74466201
45029591
76588555
52710522
10735297
97108923
36777234
88241286
72871399
48614915
140943930
103649475
68691108
118695755
21766308
157748487
40016840
82546474
110217498
82772861
24411464
73713048
147532975
152445811
52200685
55307744
46673443
43369291
155916474
96202830
104760491
111118248
14282453
13742016
149247417
59256113
51681566
158753884
157062276
120607124
30782774
16135243
109399126
7391171
4710930
18165732
78107567
105280230
127242703
34958213
13785074
82017364
46578644
54193450
45762041
47600472
25545047
1052531
45537264
18850859
134922930
73543112
43023734
71857071
111940305
74966362
126026440
21031225
34845622
101227821
2477024
54357509
39278808
86215370
42441924
36651554
52952600
25387966
155801530
32342793
104496493
28296552
98145120
137369775
101544986
26224021
32734233
141301712
75998034
89100138
59478079
89220518
78702034
40443993
198297
84556419
38916432
10359084
80134489
109194170
87896756
8222519
143379941
8664112
65656584
120553702
118009337
15565126
131549029
155798481
72904655
132950470
63023917
90734046
75175845
21777830
52156717
157091843
91383881
37214368
91522832
47817600
13675620
133512950
32505360
25744829
120566130
22956624
7674754
16359331
35540496
11945535
69900096
135049112
22203686
92615167
57222117
92457540
146789833
139112548
2808878
104577365
574907
66267324
78257747
149320886
515993
59143880
145512131
52558597
134568589
150097381
113144563
98392889
52569868
66102136
67720912
12200030
42785417
26771042
27022690
6196821
12811065
42233466
85734575
22177268
145091898
122191700
126502548
107964894
39534003
16834846
71686492
28319925
86500605
123741779
113027402
124416421
119959019
138399922
83867079
97648210
158151369
86381874
79370286
135026537
28053444
53992654
140838409
85504824
84031040
87183442
26980517
35894241
63791195
69819097
114871944
93689086
110256516
38573027
45809071
8894154
148083843
8486300
41832912
147284273
157246233
29193835
106295349
110991241
127500712
50945485
71389478
5111050
76630671
11923429
60143464
69849441
39094227
119763030
37832605
141974393
49960402
31764050
64681092
132815715
140090505
76054793
18190817
68730975
143817613
5207783
124056721
30120790
137914322
107139607
58799314
92143745
137477872
121314714
19859566
121383354
72227473
145581010
110850884
127334117
27501575
15032417
26112869
87998813
152777047
22648055
111149442
10991405
146784543
103089526
39697316
120510399
149351015
101359928
40281217
96331679
24420420
49390644
134759878
34994449
83650300
149124750
119733262
153727465
94355197
34768634
121153410
116106662
124318436
66274296
80795012
139312961
66411895
114859440
114162477
126167951
132764915
33882139
62240023
118042091
70008785
93571966
129121930
84500006
145414623
126780646
88206588
97399207
57204854
113997508
109994763
62435851
59401524
154937056
122583608
86518722
73637209
156533959
109133032
93402797
134228746
118631570
8395010
87085390
10368132
143503387
158156291
39824881
42043269
66514599
147427200
59532077
157650001
9748705
119101075
59714412
99639934
144837238
2441772
85663854
32229090
82044634
109536244
149893737
89262288
146149592
379491
133866864
63755568
54962661
43541046
120908387
51864204
69035335
83906772
123485560
12644803
13933963
101011652
54421965
25438099
47643850
84386843
145583355
70116598
20343702
20336078
86902283
100407625
115378784
103755513
134937253
40641973
57253345
156517658
76725718
80349350
124484317
152436455
125953254
120508875
6283687
30611592
151829454
34440012
96985188
62951133
128099751
35905775
64886622
103164204
91985125
94623423
29013310
24406724
31443254
89905846
101666191
57039714
97280316
126664171
24082137
100196371
119043793
64089124
58051131
126472127
122784498
99339306
30433047
31846106
59517195
28423032
68245861
26399859
18759742
34983265
105017394
132329726
92920654
140145160
118156599
89857191
127781302
95834917
15240009
138213952
792503
111518768
52535922
130249708
101625489
13227165
71031356
7402388
145330037
156896605
21290055
153132424
102820371
13715164
145336874
4939348
43544770
48222386
11919853
118516799
57600471
73543124
102345387
35349767
52344596
151107733
121741934
39711333
69932046
32634831
63102615
15592605
34326901
100504314
112022429
76323039
15389703
80414733
39812959
116424393
122512841
152716636
71464936
50016866
19512485
155615282
31312078
27230764
152579355
24844637
149367362
49989400
18108847
14137661
90562294
44212935
144452939
38542796
123342891
141567082
32382626
15748902
152315438
72897001
148041828
44076048
50211617
43700454
74204703
17027037
154320231
32078026
20586938
15045386
11522547
137136210
140132710
4777916
63599711
80817598
14419480
37896386
116722431
125039313
40482766
79216335
80377658
11206549
8927934
120957340
3776748
141533156
63661606
119359345
83008851
45657809
120177960
3250017
99953868
118371819
45237196
104329426
71259412
21079877
104036415
34453472
31039800
107532872
97178720
80337235
15410417
36055790
4742755
103308518
121302232
52621892
41430540
151734076
107297409
126877104
97363311
113964412
12347657
85648502
139370851
133488572
82601914
37562528
145403426
14989175
126156819
40216082
90158892
118541682
1610356
97367912
66155440
77731537
100587317
76016696
40016016
122906392
127287431
60449251
30595311
106831470
72317566
16419519
47930796
21561165
71754433
147511167
34358049
66658286
34157237
138159797
66192732
146575955
65805533
29689206
16049312
103101198
132829832
44410980
30124951
109065666
154378386
4007006
130592341
95154971
12907499
63043175
4966722
79887887
119719561
41861510
59966129
74418094
9268554
149820405
49812721
9606439
41866486
93848882
148819434
976699
14399862
76714876
74610696
133614286
47893604
51267938
103483665
112740369
94265544
132937264
72048776
85382084
117710088
22779989
158553779
31474496
141077118
55590029
155038391
47496173
68669163
97358947
158465014
53113635
155118211
153335289
39060411
111226246
47480880
29843402
28550633
157332969
63292347
15472292
80507912
73015171
29971803
157781
86143905
34258498
122745601
90417121
115803719
145529302
76861493
58295763
34502362
129709618
34908032
56737666
146063261
5051344
64920645
95431506
92633741
899729
118996725
48548026
157948981
114071840
118546460
132171265
13799526
31839099
125701339
48849473
101834021
119693469
86324714
31722073
54255828
107269334
104181466
1424296
139647525
71436315
41724161
71643910
62465526
5526598
9293111
130323134
82331624
93053904
58056543
70363465
115620637
147840130
16189782
108152263
69480701
63930987
68441496
6399328
96101833
86562668
97597640
121332677
102726216
28554662
38420813
95088928
42501132
155340342
56707427
116590053
74891503
146071501
142233676
148781054
37950973
63905290
114538092
132632605
97041760
143955226
46270604
65133806
4793478
98434194
33066693
111599884
66198215
44614677
39451800
146786714
109830959
26978667
154730120
68600856
52916737
16629152
97394696
148790539
17209166
41975971
74980095
101310233
33663831
94135796
11991179
129407168
129589598
114988899
150914796
83939095
123994438
103626072
112360821
88157829
1205729
152877744
88138181
155904763
70287164
87716170
30284354
70541018
89526490
51117728
41882407
107243555
5792031
57186019
77292450
89586764
119138652
115973173
126900484
90490066
51973733
90210357
135212314
122033099
6764743
24078694
122238318
19346629
131410678
147662925
106810606
77258059
1751391
12367322
37951827
158696685
114352328
5137888
7801674
115370176
118191812
138682492
96608367
128474533
141576393
38912337
120569714
41936899
51212246
5582731
45456978
83183796
37656471
79521541
42511706
50033243
56070752
104511655
29822526
41713950
71679668
156094261
37283239
145169624
31820817
60844735
66850995
33399380
98765300
25871501
48868561
93225528
136353241
89721785
25719893
139082131
67035818
63196646
11407260
72899052
15630271
125106641
115344679
50199682
118015125
20000145
81420730
108995720
141612026
94013441
58349075
141894038
137157310
1267543
24303592
100414774
108586190
90388375
88200332
88261595
52369831
24841416
121103941
113080181
1472066
42266125
11926000
134549934
21695705
24418944
152137036
120530967
137899575
52334391
63184851
79609285
141167696
133512878
158252745
148789534
81935219
123577316
121900940
86964265
78056127
120289843
108472044
91459354
18139573
101798632
91383486
78097660
54891664
264009
14399039
104099230
134590751
71295381
11256047
26251088
56079132
870089
67546230
62277551
35167230
44603910
131436517
125614297
69762041
49084597
46951359
71923258
62938501
34124946
112506660
30971463
51096837
122066303
18334046
116802329
125153074
72822883
119798347
91915026
110308007
3342844
115119894
20977018
142033966
870121
40103286
2215495
73594955
97794313
140914766
114957245
35101374
7181374
28053633
16426090
108217759
129448456
46391682
156173404
76186482
63204261
117715636
153661130
147042809
120563516
76404548
90324894
3746557
26316471
90560337
81766403
89499870
5592122
1126426
34208005
20945677
26004577
61187909
29176943
140851431
76659969
94614287
147025168
97129522
114668073
157529742
104299420
158688693
72955140
108698159
97670030
68013989
25138244
95153473
753759
26393450
54568265
136331098
61656662
52120449
146943192
103719700
122498097
147570569
48296197
34996591
50495904
154410875
12359559
136493650
81287695
5865503
103969815
114692808
82835025
52953382
44292441
120065913
145628969
101807319
5877383
99806536
63995085
142543719
69443008
100516988
77060841
147541281
18026992
129547838
115678950
101171453
154072805
158353983
112118838
43769832
78205553
46641503
24549527
23297794
16087481
52453723
135217654
40252555
14980596
14647099
11335727
88178750
69764455
105095553
68759572
14819886
144902239
110862497
78655308
97711640
121443523
114201635
19716767
59891455
105654991
109877974
118051089
149839480
9237729
110459481
38301584
80717183
43234452
53895785
1026968
93964778
9385807
145197433
3939189
121332820
81485790
74457048
75140690
25946233
116194987
63012801
31496238
118376491
52994454
142893977
67758239
135663787
117478615
103637692
93884502
28726750
54643180
36124764
124756352
22456874
83882337
54111710
61080618
43723476
91229154
489301
84915672
5907870
134142776
32221610
8777067
135830129
21285968
61618363
38081782
46340032
45601092
149693280
101617963
92231357
31648768
155405970
55832607
63937795
96763326
1265521
42908283
14875041
40600072
54730561
157515949
2444980
15739951
10555826
103879356
3887100
85311373
79965887
34249263
58012606
113872150
102102710
55117517
77836877
89841120
83862606
51464565
58985265
149485772
32039269
110684706
53038165
4777721
3323120
50593653
16913670
77978766
150374600
45752530
129520487
23520396
141494570
80646520
23635906
53882885
86620559
28848786
55993535
86339964
63602785
123145861
53740587
142084648
131096
37514470
7733988
157779868
108202661
74576048
97545135
31623389
141124653
132986072
108933672
52513755
14745902
1778454
50596316
80969065
91554034
29648009
59447266
146742641
3892422
98995366
122891981
10484583
107729523
34218736
21984798
88958789
103112796
69886618
145742914
77365535
59934047
148946641
10811078
29449593
26888400
11888731
127919522
37649316
115683965
122442029
75178993
62815769
53943608
94977859
44117852
7529860
131304891
149393711
112261675
67300720
38577046
126515644
27653860
12310446
50985852
11775464
107084321
133121801
37823537
20894940
71631017
42978010
52043083
124497424
82966219
67618337
77869749
107926173
146641016
149494934
55979179
68577620
109959295
124079765
32985539
61950921
157430889
107456469
12543055
18822543
62742957
155957014
137506728
158597909
122828626
7144857
89057033
15292353
98589538
56122343
75981882
49875852
117897952
126440355
96072392
117234461
21344561
10711002
12734833
152059322
156852406
107561952
32409039
105749768
128763483
120069714
75366112
87814575
135921484
37429666
115380553
142599261
97937866
140930183
7119585
12826623
100839692
44022438
41294677
124470652
36981704
15390438
142894875
22734983
54607947
145622674
139701772
21753830
113045690
88421616
19204055
51822339
5385814
8260549
136763485
67577683
15444954
16026946
80533888
109082235
73336783
122091049
13131913
127256577
48086733
126393770
65049547
116649903
132329489
146877383
100933911
2503745
57634130
67373554
29526465
44655424
83005500
27875727
95306221
29470221
60478548
108919331
65665356
123688652
24084139
83695092
147663992
41899280
67214658
5809957
100477934
20284303
148965781
108215413
24420421
54402015
65498950
130244170
47980403
154917268
1248520
127902721
62376512
36022406
114427272
64671657
155612412
49850841
122266831
20075211
87160100
73822789
100655072
140098925
89634115
120889066
32241511
38363665
123511902
45994641
93795101
15180041
152261165
111994968
13236782
58869879
47594195
10325012
137907781
60942951
109255176
44658814
58438003
138585021
111884668
129347355
143256804
123303792
48580700
115812089
131381414
113266520
40569281
53436235
33381589
28848047
154104254
94703223
89867081
66784262
84390640
74686328
149421107
149201205
88711543
84743495
97728782
46416868
120856295
42531950
15620259
1124880
67460779
51610983
37565776
30216872
51441932
33466580
140244899
103123498
19077908
1017245
125430686
130703633
11743271
16584395
97293615
30684139
6670103
138002652
85773797
93026474
117304592
5147343
99099163
125691310
52255794
96371672
154175335
57835801
129937066
121470789
129335950
32176942
70389331
15909827
65292802
23627901
33234688
8837088
32296724
153171821
10502185
121310396
112254697
6911373
130440821
39772246
96670350
13516791
35285893
126369527
119962169
95108452
134785607
38989949
66485043
92787498
40923804
158789781
39095115
32854124
10846170
21046887
135177722
67851532
59743553
158975878
158577389
148094538
128819285
30011927
51365738
60192007
2842211
97371595
39215968
11066833
112957037
91511401
88469133
72685749
30292102
96419479
62346427
115416182
35917199
73572756
22309878
93976063
54296706
45609133
28498840
1869011
82500339
60273075
16636883
147457547
68034672
54658252
132292499
90801876
148877813
137628475
157358362
259275
92961217
104011464
57351686
75343992
134872223
148805717
78972315
19928598
106808504
65082783
107877195
66174607
101466354
14335477
111195137
111201061
66796659
102583933
32763391
26707942
37382734
105226771
62293136
95736391
40660028
24020715
28717476
132525394
154623286
82463486
54480769
28598803
149089089
24059223
17958890
55187583
128923154
125402418
3221083
111288506
87472407
119601539
146409668
125844588
118756994
99138048
30308741
2839474
145215648
70926759
65042815
154493055
112102135
73245277
68694018
66547606
10623669
120233561
95487907
90810733
156959699
138762848
146168198
130856278
9718540
20488797
108164621
127612186
93180009
146858183
119468312
118465237
116237252
48474972
146872842
147333431
32527702
74761700
84669807
828732
38083175
101172150
115718041
133974765
135793556
61497573
72612466
150974370
130320298
3718712
101501185
39164165
39653102
65722432
16663729
74301145
107954015
144306428
74466311
114717836
145519466
54694967
38902759
108689883
20443007
118520177
84100464
66627937
31596094
148288911
112618254
156228733
46296194
83569474
5004029
28025935
28757361
78789396
43127689
85288374
141789425
51492795
107175664
62456876
150299340
29922714
44432026
143580200
119383288
47580016
69092656
104279021
6623691
65765121
393940
20179602
97810943
75868848
105052313
47909461
13477637
37575542
148743116
112091637
31569985
100125284
17580629
95285748
17825248
96386985
24053839
148133216
93825877
62518418
139817737
125915760
7511740
13827156
158937161
79587655
115708878
109972534
10942149
64210957
95062322
8311874
36556706
69813667
126484350
113389504
24368084
97803162
124280379
151334422
113338010
128281859
38801129
38305163
13654068
62650717
30272696
79652540
67308126
32195966
62655828
27744927
45196231
126142394
147510714
138032448
152252771
75569200
9355570
89015514
31424258
21000835
137477309
112061151
135036686
127197080
101474971
63013699
59833991
75320545
119959521
73943145
104938164
132323300
72142028
12841182
86557836
132925921
123708724
20653984
82885660
109455776
117550378
33183883
31029795
57976216
26383804
73829637
50890729
88273160
108416647
52840971
83858332
80867230
65427544
38189948
29869403
89215258
24476351
126041991
75273016
114082235
68136840
17769178
9947501
54922395
148733805
112856113
67373096
15349251
152381125
264147
26964247
4312072
74540134
25890435
33521723
48269032
87571966
110007003
105385943
14667129
138167240
136473068
24255027
78968806
126672564
31779970
151423917
58424582
83741970
72395279
8174359
87998420
61415232
22296897
35817369
23942103
124618555
147784947
79590718
35219591
2304448
102316255
21299636
128960929
105826259
137525251
53739343
138585462
103900078
137238122
1915964
36044912
54365839
76997016
22875835
2580266
112006265
141286189
5323251
148176163
140118829
111190463
29158672
52806032
136896236
30506065
129689171
2675026
100115396
126084761
90388717
125762055
71599086
5591099
82825179
26610971
43249250
86601715
84660342
124114704
22322344
27626890
49107224
17050438
134412999
46049145
96326088
120324106
46475754
116647692
62772754
38736751
55367567
148829286
68521902
11005162
16857699
123094798
152123884
115273287
53039547
8235977
138165256
57896866
132487172
41148876
2551544
45262877
99480311
11718735
104843057
43070981
86222145
135318602
121134413
84105875
39024837
69919285
16073393
81370161
109014920
142903233
49709308
124454690
83502337
105707956
157025860
106416185
58660866
50030817
158291533
123706478
116678023
71655312
140907246
81036493
136908718
33530300
16555446
17780523
139153106
158512560
50742061
156002920
147330372
140434335
90837819
1970881
38652018
70646274
11612145
43429758
39447440
98309691
78416610
113390213
143641823
4225203
4834528
45836330
15406190
142906558
42142202
2065671
44940741
125423605
142364632
146064566
101364326
15111294
31757589
2221404
54659941
124149630
81982118
103101772
113213494
73303161
120975457
69170691
41146246
130637642
30215102
152554657
115770018
60411039
45262689
71096576
7255096
76276845
56944496
13138575
48274092
23493635
61264169
62832812
58019665
3048757
118394005
24308499
112707112
45561743
115791303
31024246
26810928
129107839
32963629
113194585
37237358
118794474
8806388
71722987
138071257
132497657
108272516
75459851
37579219
14418281
151535517
10150980
8098974
69775079
123468916
141752678
3702819
12708816
95993898
121637900
96886928
142780740
32832094
60681814
34378148
120267887
145077318
60699183
146115457
86337915
75615244
17406200
151382231
99725142
66973761
38310723
153121421
6573055
1162807
131316408
121323278
105184466
7139579
142311446
127081524
50950034
53523793
76875237
6186046
95336415
14835547
126283411
135854478
132306678
110696071
55035895
10959957
135659643
128242756
81512064
65816694
7971908
21971094
10121174
17260614
135479572
97534300
122013944
80642116
29388310
86176926
130853609
69095184
38401539
132598701
32064847
66085341
50032885
112921993
142771517
54269227
2840314
90810311
50704675
65429871
106131003
25059300
45391001
32792897
33177688
29742276
61386538
155486615
103608321
37590041
148047919
120235134
108176611
70133814
84183477
43042512
140468676
2584536
114739132
932114
102310981
66239480
100836883
73194483
23867212
133962558
28989464
111796964
144319373
86283553
57657796
13023809
120266829
111323107
158116398
80399438
121312210
134108489
125208728
116588458
136845878
117008259
58878418
45848206
30150492
67235736
114452431
157806896
113490513
43671564
108498232
119788017
88235035
32252151
121679372
139659127
152478399
53155724
128471663
24111319
113532356
75603853
150393150
117500921
24529670
27337425
44965627
25289647
104811921
131667040
54983339
113426573
145785312
50979385
57851150
139769532
100540983
140709189
97550122
90699385
107032134
128198856
154700043
86402513
139666406
95034265
14095097
137992889
88763667
51186168
146940987
91535140
88190204
22461993
56490630
116018103
3435737
103443998
60627461
101620610
4953233
135161333
76980212
3025940
2293196
88065815
152692809
11347458
136301168
6558318
37071734
20395557
13716935
103755069
129784209
66543954
15960357
40249936
137859440
64804072
51481782
104915587
95385435
136818560
90178389
116140090
154243522
98094852
65314024
125739726
118104529
126947580
20842938
84314528
89879008
141490242
13743593
102613941
68570299
96380926
127039392
20989773
152474886
118407106
39105581
85238434
54826988
79993092
101997014
140668842
40966814
119436297
153917618
6422487
11576811
24308227
23488452
27549911
6289161
43076600
3778455
126068658
147477894
158634431
148389463
35863331
45962007
36192670
86046068
155143841
138925879
105836571
28777100
105607837
108172803
132022599
92877376
96780890
108812195
40955376
91170890
70948403
48921296
95089914
863200
8009253
63565239
74758662
12441638
29171446
108291917
68906137
70772784
103197723
82791797
61966530
51259620
76018540
49354261
79159132
36225623
140578945
34265606
100902979
124704315
30420874
70374010
66303080
146790002
84214272
47998460
74929168
14877563
139688866
8212243
135861487
134006536
30000805
80989881
157415168
22244860
99022071
108642848
92668611
156154092
145183915
28085917
77781781
69044590
13372137
70457415
65885000
40670487
50416406
45773432
52113906
106248174
133556165
143482747
144989258
81315434
19398146
113657933
151643683
99649968
156526149
76775402
153800080
134635526
32163159
30040959
101587011
87005097
75991563
27807290
103307198
138712606
27323995
80168462
18047425
68332519
124434429
83680054
63408747
55608683
115794191
63664217
107266128
156171300
146774897
105615948
28052960
30984540
17816297
24668459
23769216
36637935
35212457
130232347
99794780
15134273
27792866
56496072
121063830
124463184
86374108
8429723
7531126
132698075
65200823
136556306
87780543
133931193
147450392
11420357
22665845
70031207
80814694
114832110
88069983
141522849
21165969
36674980
113472568
156648689
148617941
121574940
126893063
49761409
70479482
79808239
107953031
128021516
135430566
75526377
367036
129574540
18844172
132770187
37960302
49987613
148634830
147306898
60283918
64641325
57261037
61661894
71036801
122376289
959963
12096976
109761779
36294562
48809824
155966800
69956876
77874722
40495700
1501150
29902734
115003982
10170313
55649874
14959824
86438734
37365358
121578721
28762601
37890127
34035362
75494416
122740738
60431598
7172139
78140313
84198863
151539305
145919207
141780836
84025691
92354956
145690261
37432600
129481739
116629575
65199355
153029988
92155581
44889981
98237702
96143733
59737061
14398235
78996856
140561336
81434909
58558322
62146960
71994518
9171928
47806687
44938031
92362482
100260346
106904424
158939834
17832501
70786968
88427169
77992974
119545171
135096628
92855342
133996783
109398399
79374487
6251014
135782960
101484688
70867032
22295821
52661950
49228753
54595137
85968278
139499499
27119672
60997718
43570817
90807180
18848278
59140514
102150871
121818679
7788236
63375781
8085769
156081537
151004700
20070118
125728168
40573367
98522010
56772228
49943956
51242345
145310913
80907697
71733476
7134961
119445187
127866666
117291412
14901164
45928798
15140991
46975903
51197000
11173769
21470303
110939543
107958953
71728791
45340067
65386386
74924276
67410415
23820606
87855472
22620442
20812264
92498635
73405176
28825921
16374766
43021405
69797860
66717684
60853390
99517075
65002967
157920475
141987981
19690574
150842927
47842764
121372637
35598035
129506449
133243085
92680494
72247045
12947761
154525851
114765604
147069104
10581076
96527784
111887224
122551226
151911171
2887061
68459339
72406533
100904047
123800312
42302570
10326340
91302950
136595727
100285855
139102403
142378223
6829359
66700726
105244007
156902579
82823657
76546616
68946461
63390383
118068626
148325427
148948784
146274278
149639523
90132844
123057436
149323635
4610153
62041091
65602489
76855626
111174590
77800717
98660793
144751093
152959337
111529546
111208309
14806217
80502303
91252509
86125040
83333069
112052067
92874529
480223
25529587
79167206
51969470
17433068
62171396
26929383
114125347
13484056
5727260
103957016
127506635
24107189
136973381
116424847
26544167
138731813
75111321
9517289
148314452
75811847
145674924
83894059
149075412
130709231
115059150
37636109
114655653
157128514
43580795
8259482
32599173
50164233
11072734
33385111
133728952
84046522
84462901
103748123
92244420
14913205
102679582
113564549
11223453
93632143
125322981
38929892
142989128
7307079
18780613
146086008
47500829
142275593
104210804
139957888
4895645
157693157
131833790
42292529
79756125
66230182
30981597
100180290
155620125
48668031
36040042
50310173
141066649
37026621
13663574
12873108
57105418
48241915
106346178
16912601
35602083
13424364
35443815
15159209
104378431
49069737
108324453
51013702
97972728
112062893
121301404
119393766
83464307
93229439
100010781
125903447
132401485
43393641
58487620
3363308
66812630
122670475
129028782
67637835
91544151
19571373
123748372
106544792
67953112
101052087
24660591
49973741
108816693
150998114
91779786
36672541
125203069
65939146
123026181
2334186
29078207
146696250
18437842
144779807
97550181
23837316
135368274
63195816
87299520
28127607
127287257
21497259
15117693
3800323
88711274
93727318
4454673
58304972
67050547
44455675
81865199
43852264
114835555
46012380
102503303
69622616
148596083
120618193
156864739
112804266
50059620
1483512
103774681
31079140
131828514
157862747
104454638
152710006
106319205
148189479
35708119
32881431
52440384
37465525
12136489
19728783
75548543
19094737
92407048
158183951
114498231
79069352
89873592
104768177
139120111
149448403
52578460
150314345
94144167
81219646
20624257
27008983
99991349
77290144
118711837
71450874
89315041
58966647
111741762
35497684
77683021
84605173
9574706
24315628
44781517
99554469
105358096
31124006
4973273
88188586
17729714
149186468
145208072
117496879
113148085
141300528
47745345
130329305
107969417
118244928
39483888
148972108
65040233
8227042
104922666
70943784
119655928
129899485
51852930
153125472
90269823
7553446
97657336
104682742
11768921
124607759
43320848
135020067
7875982
118521915
145364823
149439173
142803136
126355228
114143273
3164341
73320679
52268881
73786987
76945131
154095357
139537833
50138613
140555846
135091754
71261753
146970317
133268849
24033308
118766026
89062706
73748334
62521991
152478137
98714374
139991519
140011555
139185243
44609851
149974725
91438539
68968255
38725671
69769700
99129109
145591210
36317187
130658343
77783706
58966055
93329866
147364362
7830089
157439960
144261706
108791024
95928972
28175969
101590276
142562310
2443537
28093611
97269566
108628559
68394172
97328191
153124734
116027999
133497075
11911148
98048545
35339903
140180845
19357688
45755404
16126066
43742324
1605376
113362986
14126447
78452990
145991990
122266914
22510037
103045465
8367220
699668
19703289
3990436
42714831
124134612
98000348
78578452
43428741
152986214
90131618
143519662
148158221
44593329
36998326
49333122
94499044
55099293
85236806
93939601
92398297
7323504
29447164
57573709
35676868
39286597
120986440
9623316
152820827
86253712
32169295
114678653
61352689
126935526
93419608
16377185
38548523
72437424
146413278
148442077
85890727
98159577
49386412
115424648
123636363
157547492
500750
34597208
12804962
63386077
103797744
139226639
132382508
135288161
139031851
4674790
97776540
62395394
83475279
64111371
129303225
26423537
105391773
108652463
142661621
55407212
107718698
75792711
8358285
74904566
141472478
129701188
116434658
30617114
47104499
50578988
131816459
44176359
120554243
106374010
22926435
4794884
110136162
83046415
67479698
45062284
131358123
105602766
114689838
41101065
48931640
71124585
47120155
131304486
96522605
95142257
35309011
34077120
98352615
131885891
138492791
19390044
116000675
89346672
58705455
109714543
38193897
153698703
8855803
51075735
33347877
87917576
147833522
69529148
10797430
23684737
46901065
125458470
34827807
6438590
83392749
140204361
126619451
71492232
45214064
23310360
148186585
131655953
140176289
82173494
64604490
65176913
50269735
142170139
158354469
5072998
50988914
83853145
45234629
26295132
117526191
144963428
158899016
17218662
35278312
9032817
14619414
100733397
83411321
11455512
36741602
18347405
122744430
38809696
85218313
46276304
86757688
62841579
152912476
94728498
17977805
104211508
75438166
69948765
136690342
67633952
94754784
54811670
24393508
136221121
33662116
13102848
149483092
5871878
90848530
102035578
156652062
28883610
64852894
148821434
104086806
17602472
7737239
38494780
143421911
11381107
54010101
68496240
84378143
43841360
32968354
54741254
15744886
136119357
21956108
16163117
84044053
120266176
22588266
147956107
149141938
84417408
54780925
118345444
55540841
50798501
73082649
123096549
93280179
10369444
43969418
106221679
21416917
14830447
83478396
35229809
70989686
4843764
28339325
127692179
114454429
78346769
151988239
139051352
81880209
112585259
148907683
39630236
92660225
102114169
10953750
138785447
64625464
146507079
67719609
133390107
109697536
61896324
54271696
105693220
98865582
16822512
82998667
150342250
70742165
88239613
108827912
14802353
64045042
123927891
27403069
104922338
43865554
41536106
118719457
12901526
143204966
45957096
110578280
90866798
44068330
81640055
10733752
149550197
43375178
85220518
138994636
1364274
18922260
64237147
81282454
38743554
109301902
96942053
88303957
122455620
5923695
27510076
141228090
155578612
3939304
11293066
118892804
94379650
113331693
125067613
116540781
82862814
126470272
148374852
122729201
5771856
135087071
71938274
99620853
59233461
45474521
157490891
45598383
40229414
118851989
127058083
49450429
153825116
125089921
55778974
97010824
143699564
1576407
44118706
124957257
140347869
98620696
18256325
85440506
27491605
4497863
154797527
17514779
146730065
89507722
95704243
146470581
33599202
51115600
53143276
48846227
135435711
16731188
777472
83551262
131664890
19409569
144520632
115444294
105887619
110550634
66509539
43154101
134493844
61527929
148139529
150099688
90963967
29836883
121433484
155875725
90206181
43734361
51831134
47877757
49902149
102148002
46905752
52492234
133969993
92480981
89947671
30571021
146320473
130129917
145758622
54232357
22765407
12609740
113378938
9400365
103080499
53115298
129700730
46045330
126175879
135206763
2997425
9098366
140657176
96395544
45086515
138760947
130706956
98112538
6469835
151029216
114976733
112175827
31762858
66591049
104516185
96429810
151709070
152569409
37118797
22660862
87386243
114717483
146410968
120157634
103688874
103639575
30347035
74357763
90319
101732165
80406406
100889324
102744181
38961628
146606780
128555181
55948790
133276417
18866986
52132347
74043958
148081542
33170371
99480729
50401162
93806381
119374684
76816760
131152904
120764195
81051128
57638265
155657937
157603163
102850657
60067410
154794690
17781237
106012213
21072105
51607411
15417017
80167583
60259104
64855426
13802474
78040540
1005498
61588712
10417646
37687262
95210185
2675893
154121290
124648200
72059760
60324677
137585088
138794787
123278852
69427268
72252512
47541211
86401243
84642182
156950450
53968306
122505152
119050425
108277998
110466776
9109998
138750854
49284810
19701430
17821725
47978329
56516488
39672785
36016167
100322485
146051740
150234467
30602248
147780355
51912722
3176417
98050716
65539394
116042938
84825144
134776563
157813361
139582574
16273664
119008521
21071043
126110613
74873500
54462654
40861439
149540540
134937970
7959574
9042180
47367958
155740938
38285291
38890477
139374698
53173298
45074209
65461498
94212175
85820098
47736196
38457642
90960990
19323705
38735196
50819733
152410997
86964932
75863379
155265161
68746811
80290107
49634782
29327308
80159274
37791747
18079084
147290168
146007943
101099512
46470899
103743773
37432608
752851
47973219
71233450
83486739
4083169
122476161
27471661
114256800
148045847
150674055
142208994
102868103
106990799
69915783
149846390
140939639
20491982
43468699
50294040
90955761
65467093
83992692
30155508
96614466
23805115
138679600
17615928
39665042
98025889
128451207
138505614
14955034
141180218
119910489
51647551
87486947
40538802
114628939
2960349
74299976
54320354
93450995
138427552
53770651
133562904
117517838
79370967
36836235
54094664
50668572
130448719
87005582
104539730
145309663
63108395
77561076
137124260
84547756
619083
82897716
26976084
111273000
1168216
54007471
43725525
65106303
143976554
145843926
94821362
7770122
78983141
157551619
149088076
147304985
41293375
132477020
6482308
139810043
16621729
64985755
50784227
77928583
18135685
62535452
89942851
136753921
40827497
79688090
32191349
54413786
46405181
135223837
51383788
106531501
54984067
54572496
87911232
113588422
50321616
50500835
68959508
101453108
135038359
93609053
84955482
118628742
684514
142816437
214642
34271180
145108638
97844849
96925394
158366005
112693870
115572541
44357323
71516206
18059759
6160577
74997691
150634256
12057293
52666427
128360674
38253955
88908116
49617794
148226401
55690814
134007647
140957083
35809851
127567125
150245342
101814605
61040090
107181328
111282763
53191306
17834219
9048005
119531415
35055428
25819176
83179246
156001870
147019728
136028451
156778283
153908254
42259492
120769905
118591865
11814270
13857543
126289261
104582795
133384394
148135885
146718777
2270139
54658141
118767100
120812462
18897800
130090234
42587116
105020812
94689607
112875791
77248714
109239032
158208565
124247923
59394670
15561193
62310362
38273912
66340975
105394048
89123784
77430533
44713063
22975440
103533954
54482815
128761110
89370616
118629749
50552085
59850514
82444427
43104944
306785
73522015
113615375
71514202
129211565
114489003
102010698
9157330
84480476
152657008
93097991
67543799
4706789
34475161
106839625
158827847
124103448
100827721
152490118
14711689
92053246
152821446
69385065
56091564
129649648
55578818
63799068
120272035
38071969
59141746
57543137
51671574
47078936
127332090
88323277
144576365
7098036
128285632
57449499
85921238
114155491
42189519
51165021
155826696
122542260
157415653
54663882
155148847
65959319
46190786
23109993
77185650
92276559
140157750
89901351
46079310
55857357
636422
151528249
99627305
71083867
66882658
76207051
69335803
72795808
110668050
82474650
132105843
62073143
128506234
843681
52467206
78594021
119043294
141057309
147087458
72770035
22830162
23184091
147154010
76285913
98496163
120803319
55023153
93639153
151394501
10991688
38171748
21054088
122449937
106707976
74772394
158457537
81967431
34836802
49478049
107989545
82703265
74976109
16817706
112863573
65938306
74666164
86769019
55699725
58518645
94547217
57377276
148849721
123332119
14750776
13490813
30169333
42082787
25560356
11411067
28661819
31456615
137117900
106765800
66733350
75441049
148801051
35123552
104535126
33700029
62551087
123869156
40881434
99536028
122656315
35601689
139734244
39271086
44635856
122017112
27849465
809942
58858147
155925991
79540648
69279343
6093093
121584293
58376357
88416986
71259313
97059142
74464585
88898757
70947472
152763967
5359353
79631538
112900137
135171401
85982196
87863540
157527481
148158686
153257800
95666830
148435390
31662854
29814182
112950765
20989163
2512365
4269507
16342427
53805733
80816762
92015947
116988518
134220668
156539836
70548459
91001240
70821209
150611990
31822271
8600016
121737109
45945448
42671014
64123666
100785037
10291690
5236108
131430865
127438255
42721006
123605154
150503821
34394995
80492858
134219885
107472770
145256761
37394516
74305090
158881587
78455889
121686581
131956017
75969746
47524278
58262101
134526976
57474941
36214205
90613831
106114079
89833472
29221509
133991209
83084566
19953741
129137445
40384535
120884453
133652228
59471547
127935652
151575544
60619548
67905222
31960973
53335852
83025071
21028576
35545629
141080950
117488114
79755321
147364524
133976255
39746780
45390815
97039959
19712179
84419816
114932311
133125737
78544532
108756088
157339956
22771382
16189255
127577116
19729120
20956190
62705057
75557605
104725522
104740171
15625188
28666194
122940368
72157451
109593554
76635235
8955139
108406133
115716614
29274586
40999136
136170173
74745350
38134203
65026906
27076885
32042963
16062072
24846746
85568342
130879720
152455736
57815030
86825684
153175174
50029579
63538454
138647632
126622877
132373186
5609046
19441330
10504953
93522757
62526392
64913758
73742617
88777232
8489647
71256067
124235713
34106401
124657005
108518698
21905666
108472574
150528639
118550357
90199882
12183941
71438802
50112289
45873572
114754738
39309910
118532964
136645507
14701990
92026827
9286732
119170442
31745481
157701115
82604525
14849608
97582973
100417432
141560489
157100523
17006893
67216332
51860826
69698943
51064592
69976547
123937836
127671642
21223236
89554755
117913951
36259892
37374353
22988638
145350728
94336425
45532234
78772929
65989
48622287
44618806
62464207
11160144
117617091
33873790
139749979
101419411
22877887
107994682
120530846
139122223
87474786
81490586
146813749
96531686
22261902
130345776
128164411
45579036
157062460
153928667
29675207
99906624
29872096
44874688
36648889
125661230
150541340
144666515
113424970
25490345
113787191
45194616
19145402
16179289
36983644
88135753
110763848
99322963
82484514
79645343
39039253
74286212
88004095
30085081
104277607
121180462
21703793
14971629
16181870
145675787
26999329
102191744
154355820
69111676
131329106
28352397
7363236
120423109
101993119
29180220
14329995
78898672
4802777
49866839
53894424
23694308
53845576
140723167
150136405
20265680
96649803
62652957
156522263
81403698
18326028
109180772
109033567
33379793
148325676
39549196
65708103
57178512
19977366
39654421
105991092
102382534
30232356
37816207
95749371
106768991
75905639
70645673
29428181
95501253
109994708
43423134
11417892
39152750
22265437
122034139
133300251
105916396
93517436
66279731
130661529
59004098
122359451
85424793
42447412
577584
61544023
46076759
19368868
39245602
124433764
69200362
37762823
71308371
112082412
121868034
151431737
82553724
140231150
66805827
155797418
38414366
87170291
127400897
143280921
113966134
27389291
68204633
157254706
121785070
128090428
103760858
129086568
66547021
84372728
98711717
78122271
85725602
38524174
68998228
3238200
9119317
157447113
52330916
59094059
101554012
34974199
70544760
66933383
22161489
62326798
61246948
119273588
1178922
74257487
3753322
28891576
25961440
109548195
104059016
1922252
78335893
12074239
155851294
131894892
137208627
91308171
143698474
79777009
139035247
112374040
79298867
16736396
135173781
22760703
42055110
141218399
153809399
40840683
150840355
26912277
103550729
67343762
80207105
33483399
8948650
77347324
62546188
54685483
82288420
63805106
124666055
127273278
18079837
94474736
106033268
155838288
150888710
58082522
146423893
35685025
57886756
28445886
83262733
69763397
33439572
83279256
51124987
3610603
42126317
23518655
154937988
78290927
85372890
109944265
12417227
64088706
69997548
132342355
21495298
157760994
74195932
16969132
84327829
6452736
64270906
18457400
28017101
15132571
16391031
18394062
31077504
120341288
122111620
122878634
96212330
20366574
101524480
41944626
85588667
37422490
41200791
98861083
75712595
87809673
4576182
147447963
132776574
153420792
35223436
28728191
2316655
82972067
25055394
9016197
82405396
10159666
17606945
129627031
53384938
126676316
117413065
100567973
157393847
21751034
66933544
132526349
33575619
3810697
10866044
65159509
83369201
11792347
80614181
90028416
6963606
16438277
88480247
143153284
9638905
107774384
33666743
72956917
140369559
8431191
34893404
103825555
3087864
63359441
25597665
112409010
122426725
35706945
44094495
118900760
143708657
26698472
62821048
52741183
147190234
135163599
148727946
158425367
147509476
68543230
29866585
65102543
108925317
2815653
65187907
33219849
52295272
98152691
69471596
46429791
111421904
87276253
13941315
18836603
40261180
28546870
11329098
21269028
44599128
24674768
10590420
34999856
105326118
68530571
81992565
61418852
40579529
39006347
4061355
6554125
5299141
79135302
81991680
98066968
151489962
59412476
124036958
22662389
31043336
38267198
20786520
108456851
110498934
97604466
131216659
98223435
49445253
118596300
136809031
135507675
155671712
143922218
153840750
152942060
132869791
143691308
75160711
64361649
74749758
39308390
80716740
10215289
140398975
129788197
120778346
92606421
76762671
144450925
119367011
52063067
45234378
157362016
13151836
89676330
71000813
138208760
136029920
140556563
67249310
15323554
69384540
79604391
48432125
21474488
124845200
90771203
149693568
104396212
74023623
14947226
156731997
125248733
63103165
46114931
78239288
75272034
49210825
57080906
43419301
153477374
83451361
135094253
7288195
30054936
8818693
139482522
70660271
128606320
145572557
72176235
42436783
50699216
80180080
131544603
153953184
51729982
127216759
18126446
91300290
23484133
35198617
48890051
34764556
66169299
59169285
43070713
73206766
55572304
143553149
32067973
104228068
40689021
13191816
16573537
114449003
75129366
119072751
51507092
55708879
21350717
74250605
153033341
52697433
55040980
47681823
119514950
98855547
94970994
86080244
135212829
41388706
63672303
145578373
78918148
123241809
122973850
24647681
39808959
54404598
111771251
59350946
37939367
122765127
13669051
44916853
151888865
100875460
140483240
58085704
33199846
19515209
154128821
147001635
21328570
25536239
26318323
158502118
27747451
124352645
118484706
70694960
128490205
29772313
116135607
15017658
156270834
128294516
35280790
90934142
150776771
145278423
148020677
37609653
25500179
73872479
139092953
119831983
126636012
71884540
158403492
150986132
98128235
84988413
84660396
115993140
69168716
40590339
92626524
90414400
98587773
31283426
53783029
85594528
116459298
74649172
158442416
22917804
70292635
72522855
137811036
108027933
114406387
50605934
36581519
149202648
59307446
123117805
138329528
127801196
131754010
10719296
120200987
33143640
21923607
84774424
79083291
125821672
118620082
47659071
48564533
85404702
6632047
31395291
132732911
91263414
1982391
49434726
67341644
98200463
17813846
127105731
23746669
64764891
51319090
123980258
28036270
147416000
7058278
124367207
110441050
81805531
73783148
132656128
120872964
82311804
151806920
130380145
17630992
88957519
69311513
44723725
28628591
16658885
17250124
126534009
47978784
115133277
58643253
5181460
13482841
20600609
137798833
111548870
95898181
48164051
11206774
127871821
43034057
101038976
21090698
27822483
15708918
61126270
128003090
119884010
3698001
32631983
63626551
67589859
116692227
39473016
146378492
109610577
15732895
31766983
37627251
36666078
85716054
28600580
131220564
36218012
65213929
141529865
46036884
127289378
94652221
112711058
100155250
72956932
51948775
34929206
78576405
82295051
135403969
121668903
19368095
112949668
93658660
60933728
26752984
38837717
70720571
75027145
59179823
114807187
111901144
18211000
84643598
150814012
114079470
107279632
89811002
12343500
67418156
50733919
49341337
32716720
73575026
12170044
102181155
39372632
70118329
137470361
104994369
113799610
25637841
112904133
66252937
87783582
110864048
129801791
56522730
111364070
157383483
143479369
14865836
28283983
133693650
6283358
86958376
103006769
36050256
20561082
103971586
43411176
144287410
55778895
73483822
28218912
101141917
100424277
89291193
35517439
107074230
17731734
53747439
158065946
4262711
95927424
20233833
158108332
33416418
107339950
78819587
32028348
3085210
42162850
41110964
97953969
2543799
15110295
25844316
116068393
145190353
67703846
80542129
47932253
144163191
14483016
112010134
41134267
90330739
65981752
90107280
8252692
10726848
141860152
7041182
91150089
126842649
80556213
118057279
81621801
90287514
96065931
46933427
158490738
152365103
112445845
52637363
47112865
55081205
30459877
67126593
16733776
9866465
75507899
127297258
144067638
118469331
99752217
79914483
45343828
152473227
71064674
158110190
46908966
127618324
131099540
73737542
97360246
65432585
71610793
42998898
57230642
109639584
88900115
43967661
97869114
66960082
93188891
66444107
120515301
82151493
16957426
71336818
28848582
115568770
126548164
46516657
79353807
82382358
76399798
136844467
17919383
106364119
1067672
98390562
158851849
81184893
139741502
84338941
40041682
6461624
123113953
143124022
38840095
75602669
59861750
94143774
43045320
128175584
80618304
95800485
45112377
116846247
69451744
55202158
19657701
117241563
51391882
143617859
105063788
120555756
133001283
124450301
136444932
96397232
153724580
98030169
22042574
54108855
142926844
85418082
37923594
93002537
120815048
96340279
38862130
115218703
108506035
32138980
137125616
127695855
110494115
69615126
29387834
73276960
68352824
110009093
47462769
39020890
58105093
124751587
9078142
140897204
94219150
153695802
81544980
35720241
123099996
85291187
141789935
58619926
3361969
3980837
51264439
108394010
152015854
2750854
52687396
122705478
3692601
154297998
156356145
97206267
60142045
99622753
51250613
58540726
37436232
105896726
20872586
81884115
121915581
43122719
148540116
33294415
127359553
40503846
3456904
27080034
66113364
131498868
100324079
87791518
142747298
135368661
137373925
110159179
49334910
135633899
32351141
82969965
104379550
61153625
37260022
15053895
140085504
45133927
12570565
68911015
120999604
134376619
89506722
154835785
149852907
94969568
34860021
50565659
157622251
94866572
85972526
110923996
106548705
119407729
53010673
153005116
119344586
113439478
46570581
130365785
32170299
50980394
148311511
67560135
156410343
18796674
141181456
43825917
117696685
147944634
11165633
48482302
105746482
5515240
48938799
72456097
111479990
109557982
102673175
76686760
106892416
74858657
39573455
122655918
72580418
129156039
14268571
58738831
34625999
27186147
6732050
116275179
96002645
7412364
135811197
46954262
135429388
11314501
39399855
131513840
53461651
50011231
83508698
95604315
60259688
75423139
4147158
98262442
50907510
66007501
71423563
90258716
61978661
90909518
58184670
27824633
11769523
66497146
153637072
146008474
104203087
109082732
46023821
132584427
137198552
41790348
150187408
103896558
98360457
127618772
29792027
27705603
96787580
94029866
109773452
70746659
107431730
131509326
29438729
113552871
130711976
140571003
60940379
99586050
119495160
146118437
82029499
18989642
27724549
68215392
1930138
89711627
83614315
117006451
109713204
4727764
21507229
61898663
66057080
127247765
150203471
19688366
55460783
38152193
21938148
106291594
73616306
156847320
87145395
129628634
56314233
89847668
33381784
29143675
139564186
124092275
101644998
80522746
3709643
126787872
92309458
32493960
68569874
155509940
151934126
1291628
20330778
11154204
41977786
72156983
65746799
148944100
3220770
117247478
133413368
80151828
78779542
11117436
125051724
45195200
22310232
115369477
88706324
88498364
109131359
52237636
52439017
12780511
118341634
93642521
47600530
126998528
67581561
39582801
40363296
14155538
153314142
156750511
80444197
79170462
4166802
128107208
154091526
78230824
150405848
157787926
154171452
87645358
7907685
85758523
10909177
137586825
24004551
14745363
103634830
106646191
129867947
35377394
64030984
124575094
71480248
59831178
71996405
73331483
40928441
11581649
86219510
18883287
118086721
11223793
81375700
118838469
26296941
155557770
1947281
121366557
12856087
126317629
62980325
102998983
12523018
16628022
